15.jpg 1 0 0 15 15
20.jpg 1 0 0 20 20
25.jpg 1 0 0 25 25
30.jpg 1 0 0 30 30
35.jpg 1 0 0 35 35
40.jpg 1 0 0 40 40
45.jpg 1 0 0 45 45
50.jpg 1 0 0 50 50
55.jpg 1 0 0 55 55
60.jpg 1 0 0 60 60
65.jpg 1 0 0 65 65
70.jpg 1 0 0 70 70
75.jpg 1 0 0 75 75
80.jpg 1 0 0 80 80
85.jpg 1 0 0 85 85
90.jpg 1 0 0 90 90
95.jpg 1 0 0 95 95
100.jpg 1 0 0 100 100
110.jpg 1 0 0 110 110
120.jpg 1 0 0 120 120
130.jpg 1 0 0 130 130
140.jpg 1 0 0 140 140
150.jpg 1 0 0 150 150
160.jpg 1 0 0 160 160
170.jpg 1 0 0 170 170
180.jpg 1 0 0 180 180
190.jpg 1 0 0 190 190
200.jpg 1 0 0 200 200
210.jpg 1 0 0 210 210
220.jpg 1 0 0 220 220
230.jpg 1 0 0 230 230
240.jpg 1 0 0 240 240
250.jpg 1 0 0 250 250
260.jpg 1 0 0 260 260
270.jpg 1 0 0 270 270
280.jpg 1 0 0 280 280
290.jpg 1 0 0 290 290
300.jpg 1 0 0 300 300
310.jpg 1 0 0 310 310
320.jpg 1 0 0 320 320
330.jpg 1 0 0 330 330
340.jpg 1 0 0 340 340
350.jpg 1 0 0 350 350
360.jpg 1 0 0 360 360
370.jpg 1 0 0 370 370
380.jpg 1 0 0 380 380
390.jpg 1 0 0 390 390
400.jpg 1 0 0 400 400
410.jpg 1 0 0 410 410
420.jpg 1 0 0 420 420
430.jpg 1 0 0 430 430
440.jpg 1 0 0 440 440
450.jpg 1 0 0 450 450
460.jpg 1 0 0 460 460
470.jpg 1 0 0 470 470
480.jpg 1 0 0 480 480
490.jpg 1 0 0 490 490
500.jpg 1 0 0 500 500
510.jpg 1 0 0 510 510
520.jpg 1 0 0 520 520
530.jpg 1 0 0 530 530
540.jpg 1 0 0 540 540
550.jpg 1 0 0 550 550
560.jpg 1 0 0 560 560
570.jpg 1 0 0 570 570
580.jpg 1 0 0 580 580
590.jpg 1 0 0 590 590
600.jpg 1 0 0 600 600
610.jpg 1 0 0 610 610
620.jpg 1 0 0 620 620
630.jpg 1 0 0 630 630
640.jpg 1 0 0 640 640
650.jpg 1 0 0 650 650
660.jpg 1 0 0 660 660
670.jpg 1 0 0 670 670
680.jpg 1 0 0 680 680
690.jpg 1 0 0 690 690
700.jpg 1 0 0 700 700
710.jpg 1 0 0 710 710
720.jpg 1 0 0 720 720
730.jpg 1 0 0 730 730
740.jpg 1 0 0 740 740
750.jpg 1 0 0 750 750
760.jpg 1 0 0 760 760
770.jpg 1 0 0 770 770
780.jpg 1 0 0 780 780
790.jpg 1 0 0 790 790
800.jpg 1 0 0 800 800
810.jpg 1 0 0 810 810
820.jpg 1 0 0 820 820
830.jpg 1 0 0 830 830
840.jpg 1 0 0 840 840
850.jpg 1 0 0 850 850
860.jpg 1 0 0 860 860
870.jpg 1 0 0 870 870
880.jpg 1 0 0 880 880
890.jpg 1 0 0 890 890
900.jpg 1 0 0 900 900